1.2766844998148827E-12 1.0050006010322052 
0.9996634332807868 0.16644130431771373 
0.8769559195498124 0.21676671002032444 
0.47586214542806626 0.412758988756659 
0.1429704416274285 0.6590303156257064 
0.8493204194409947 0.2326883181875792 
0.9092232537373384 0.20326828943505154 
0.5002352898185995 0.39590635156225285 
0.19119741139820465 0.6103922156772846 
0.3001539808645808 0.5212602332772728 
0.4311216716151353 0.435565059015266 
0.04388520365216986 0.8047666700459866 
0.9336889282929242 0.19339534830125388 
0.31817953047341474 0.5084671263968432 
0.034112469736120594 0.8263408237032486 
0.6472138789374214 0.320600760050415 
0.34494198921407715 0.4907661860266249 
0.016780687986039322 0.8769470660720572 
0.20870026021417018 0.5944244168661724 
0.3800494305711285 0.46749154273949506 
0.1572935490933604 0.6440711862570824 
0.8180100240185456 0.24190776120843732 
0.08927951726081437 0.726248997168773 
0.761971923822914 0.26659745422069864 
1.5355654998919915E-4 0.989104082890084 
0.3915723864444097 0.45993543120994473 
0.6227919965308762 0.33234709978597554 
0.4490251770915784 0.42524108805594557 
0.07022389838774762 0.7554398311393001 
0.4191718521387787 0.44301039816473414 
0.12017616804087743 0.6862017810219537 
0.550770818651027 0.3686595084616815 
0.36549171581987966 0.47687134511533064 
0.9564032466338913 0.18381530557675826 
0.13300606250488314 0.6703439659158316 
0.35834449177834626 0.4811280961125612 
0.05256338139312805 0.7866635058616195 
0.08193984996901782 0.7368505962983376 
0.5365673273216155 0.3763469356686768 
0.799072914181182 0.2506678652202182 
0.07635993128897782 0.7453681220068072 
0.7330316861307322 0.2798439210339548 
0.0615923439386593 0.7722590578271964 
0.021525602299794062 0.8607693909370715 
0.2229704917277189 0.5821661821957451 
0.3322595758957535 0.4987632273394527 
0.12708903347239212 0.6771178765898358 
0.03080561625542244 0.8347141025184588 
0.6652291805512173 0.3114041304688048 
0.026704762463863996 0.8466851754365643 
0.7793876491615328 0.25917226506469615 
0.9267138000967947 0.2002365627981366 
0.2848185444767167 0.5330066420832678 
0.4035071228778239 0.4523928829955632 
0.29161003387969164 0.5295022792009351 
0.10097445433040733 0.7120012351462267 
0.23770651989854646 0.5695429722866338 
0.11074805370417412 0.6979306618576967 
0.06275268180238358 0.7677029972661668 
0.17540230961944273 0.6254560042565105 
0.6088691512042081 0.3390805834631859 
0.6963784192078883 0.2969626784464516 
0.529926425816195 0.3803415458088984 
0.9686964229132562 0.17884803247357153 
0.5838622783229026 0.35218402824868755 
0.4085605392756252 0.4494113574630374 
0.7784135313695094 0.25960486100019936 
0.8018836498419776 0.24888018535817524 
0.002399579134943902 0.9532074391061326 
0.5048439044169724 0.3933084737828352 
0.09782347011314872 0.7143966406835879 
0.24834327751781138 0.5611855508600709 
0.326920299213039 0.5023898923556538 
0.0032376568141118944 0.9491689133788193 
0.25098236654410805 0.5589925918584273 
0.8666115452257452 0.2211243578912964 
0.004767346556657559 0.9337365864072684 
0.26126936700084313 0.5507116888505147 
0.5600537697989807 0.36387999504981033 
0.6856856335433154 0.30180287279150175 
9.503230297848164E-4 0.9709041055573396 
0.18433200567558955 0.617697867267621 
0.7508535853628302 0.27158905236280567 
0.5162493071014386 0.3874798938624558 
0.6758690525254641 0.3063860277090308 
0.5681072621089042 0.3622998087158594 
0.11143539851459285 0.6962639352884125 
0.5963665999302068 0.3459166525327487 
0.8159412665254925 0.24278410920753463 
0.9776235189158479 0.17524113236207747 
0.010163825466769028 0.9034079042094213 
0.26424293681518457 0.5492109085660859 
0.0011497778477736476 0.9693578492815752 
0.5199694454886581 0.3860118722941805 
0.27461492152105327 0.5403056482306772 
0.16697663743031577 0.6340698527162625 
0.7126874176263844 0.28927665058655383 
0.007220595115674973 0.918659576576652 
0.8546502116152277 0.22625539309299705 
0.9135686142231562 0.20160452114037028 
