80.28503282729373 91.21928478381878 42.251817973937186 49.5017268507663 19.97531830927418 98.10904916849597 
84.53744125345708 90.99939067574746 42.251817973937186 49.5017268507663 19.905905841080383 98.10904916849597 
84.53744125345708 90.99939067574746 42.251817973937186 49.5017268507663 19.905905841080383 98.10904916849597 
46.03790383268091 50.92771818083385 95.25777332848631 86.09865127133203 19.103091304315925 93.61349964962652 
81.7468525746022 93.6494809536868 42.251817973937186 52.37518331308639 19.97531830927418 98.6588315087949 
80.28503282729373 91.21928478381878 42.251817973937186 48.429400534986186 20.382953431547982 99.75172536618311 
92.83513656572131 93.6494809536868 42.251817973937186 52.37518331308639 19.97531830927418 98.6588315087949 
84.53744125345708 90.99939067574746 42.251817973937186 49.5017268507663 19.905905841080383 98.10904916849597 
46.03790383268091 49.785055558202124 95.25777332848631 85.66379936716426 19.10371026188647 93.61349964962652 
84.6229512010854 90.99939067574746 42.251817973937186 49.5017268507663 19.905905841080383 98.10904916849597 
85.29495395041249 90.99939067574746 42.251817973937186 49.47369860307298 19.905905841080383 98.09463831444596 
80.28503282729373 91.21928478381878 42.251817973937186 44.29669419425905 19.97531830927418 98.10904916849597 
82.80959223722977 90.99939067574746 42.251817973937186 49.5017268507663 11.639100679020306 99.9787920511174 
92.83513656572131 94.99784370884241 42.21562631967084 52.42435737555499 23.015235243081754 99.4655170046874 
85.35096907255755 94.18845235597715 42.251817973937186 49.5017268507663 19.905905841080383 95.86383385770681 
46.03790383268091 50.94331444023356 95.28653290734043 86.09865127133203 19.22915039079716 86.84365719707816 
46.03790383268091 50.94331444023356 90.17049609760873 86.09865127133203 19.22915039079716 91.68949157849129 
80.28503282729373 91.21928478381878 42.251817973937186 49.5017268507663 23.35194783826372 98.10904916849597 
82.80959223722977 91.56623038089987 42.251817973937186 49.5017268507663 11.639100679020306 99.9787920511174 
85.29495395041249 90.99939067574746 42.251817973937186 49.47369860307298 19.905905841080383 98.09176924606022 
84.53744125345708 90.99939067574746 41.24976212272608 49.5017268507663 19.905905841080383 98.10904916849597 
88.79164685116052 90.99939067574746 42.251817973937186 49.5017268507663 19.905905841080383 96.95678956545527 
80.28503282729373 91.22887316788722 47.66887630480153 44.29669419425905 19.97398736437827 98.10904460357186 
85.29495395041249 90.98980229167903 42.251817973937186 49.47369860307298 19.90723678597629 98.09464287937006 
84.53744125345708 90.99939067574746 46.579938474668694 49.5017268507663 19.905905841080383 98.10904916849597 
85.09199269265517 94.18845235597715 44.816867368268205 49.5017268507663 21.797923175922858 95.86383385770681 
46.03790383268091 50.94331444023356 88.59823644410162 80.57486848988344 19.22915039079716 91.68949157849129 
48.20288972234864 54.09847836989711 95.55627483824537 86.09865127133203 19.22915039079716 86.84365719707816 
88.79164685116052 90.99939067574746 42.251817973937186 49.5017268507663 19.905905841080383 96.95678956545527 
80.28503282729373 91.21928478381878 42.251817973937186 48.429400534986186 20.382953431547982 99.75172536618311 
85.29495395041249 94.95685753003757 42.251817973937186 49.47369860307298 19.905905841080383 93.66594366992163 
46.03790383268091 49.785055558202124 95.25777332848631 85.66379936716426 19.10371026188647 98.0421941670098 
80.28503282729373 90.56412716823009 42.251817973937186 44.29669419425905 19.97531830927418 98.96116499116792 
84.6229512010854 90.99939067574746 42.251817973937186 49.5017268507663 18.84742344008057 98.10904916849597 
80.72566715790109 90.99939067574746 47.75944405819984 49.5017268507663 11.639100679020306 99.96074172620202 
87.380713383039 92.19023625171715 42.251817973937186 49.47369860307298 19.905905841080383 98.0930934028939 
81.7468525746022 93.6494809536868 42.251817973937186 52.37518331308639 19.97531830927418 98.6588315087949 
86.33853229759396 91.5158917118673 42.251817973937186 49.47432290430938 16.43722476751673 99.9787920511174 
85.27604687761897 90.98980229167903 42.251817973937186 49.5011025495299 11.55694797322371 98.09464287937006 
81.64473059388595 91.21928478381878 42.251817973937186 49.5017268507663 23.35194783826372 98.10904916849597 
80.28503282729373 91.21928478381878 42.251817973937186 44.29669419425905 20.261076710541623 98.10904916849597 
82.08678972255484 90.78399427375155 47.893145038018766 53.29846903151986 20.370772244896937 97.45245330672142 
85.29495395041249 88.25535765692571 42.251817973937186 49.47369860307298 21.61770674309409 98.17957086448152 
82.80959223722977 86.05985887417847 49.646823143112876 49.72884007558103 11.639100679020306 99.9787920511174 
85.29495395041249 90.99939067574746 42.251817973937186 49.47369860307298 19.905905841080383 98.10962172276307 
83.45708320678406 90.99939067574746 41.73445339408713 49.5017268507663 19.905905841080383 88.00414234953297 
91.28707742764323 92.55195785117272 43.97134109391406 51.586104804984174 16.83095382966023 99.9787920511174 
82.08678972255484 90.0496154332869 47.893145038018766 53.29846903151986 16.538868595472298 97.45245330672142 
81.7468525746022 93.6494809536868 42.251817973937186 52.37518331308639 19.97531830927418 99.85386292872097 
86.54090299504186 92.10816447044583 42.251817973937186 51.71261360756417 19.905905841080383 98.10962172276307 
80.28503282729373 91.21928478381878 49.26587449880663 52.30979072663776 20.382953431547982 99.75172536618311 
12.045282446857136 92.23876757613303 90.07444053602039 85.88685391529279 42.75256612739537 45.13181476667771 
80.28503282729373 91.23767575432998 44.82707840713022 44.029801084094444 19.941792353422098 95.89441803378739 
80.76115775896575 90.99939067574746 47.75944405819984 51.70055163723389 11.653917022673513 98.14887880345127 
84.50195065239241 90.99939067574746 42.251817973937186 47.73334003997377 21.494717435640638 99.91107305849212 
82.80959223722977 86.07101231450802 49.646823143112876 49.72884007558103 11.298962585936348 99.9787920511174 
80.22020530211822 91.21976177541366 47.46148173745805 47.42419325515437 18.808267191425223 98.10904916849597 
88.79164685116052 97.98974934296191 42.251817973937186 49.5017268507663 22.30794983542523 96.95678956545527 
47.66038561400827 49.785055558202124 95.2866185739899 85.66182941793845 19.10371026188647 93.61349964962652 
46.03790383268091 53.43215608942713 88.59823644410162 80.96023585154558 19.184145339815977 91.68949157849129 
84.40995326059766 90.62415459307789 41.5909057083545 49.5017268507663 23.35194783826372 96.58168396588135 
92.83513656572131 95.09274408910156 42.21562631967084 52.42435737555499 23.030098645478667 99.4655170046874 
82.80617593684953 90.99939067574746 42.251817973937186 49.5017268507663 19.905905841080383 99.96866549162927 
84.62636750146565 90.99939067574746 42.251817973937186 49.5017268507663 11.639100679020306 98.10143570938705 
84.53744125345708 90.99436370599538 46.579938474668694 46.51484317277843 14.522095084206319 98.10040989577537 
85.29495395041249 94.18948907280925 48.38681466307186 49.47369860307298 21.772260454419964 98.09464287937006 
85.09199269265517 90.98876557484691 42.25321670696104 49.5017268507663 19.932899507479185 95.86383385770681 
47.88787058678845 49.785055558202124 95.25777332848631 85.29829807406108 17.324965174218804 98.0421941670098 
87.70463419457201 89.30625071777968 42.251817973937186 49.5017268507663 11.639100679020306 99.9787920511174 
46.543074220196495 57.80048305433249 90.17049609760873 86.09865127133203 19.22915039079716 91.68949157849129 
85.88319476405547 90.99939067574746 42.251817973937186 50.89740626923116 19.905905841080383 97.8701647901952 
80.72566715790109 91.2140522246212 47.75944405819984 49.430182691225646 11.639100679020306 99.99207972554346 
85.29495395041249 82.89182596500328 42.251817973937186 51.06748433555767 19.905905841080383 98.10962172276307 
80.28503282729373 91.21928478381878 42.251817973937186 47.57091827709434 19.90533294785429 98.10904916849597 
84.53744125345708 90.99939067574746 42.251817973937186 49.5017268507663 19.97589120250027 98.10904916849597 
85.29495395041249 90.99939067574746 42.251817973937186 49.47369860307298 19.905905841080383 98.11215448465661 
92.83513656572131 94.48399549101691 42.21562631967084 49.629267548857264 23.015235243081754 99.44800074660452 
92.83513656572131 93.6494809536868 42.251817973937186 48.50792302117149 19.985566360986805 98.66759807396559 
81.24141775666591 91.21928478381878 42.251817973937186 43.90697799989248 20.372705379835356 99.74295388845754 
81.65145894875457 91.21928478381878 42.24441357398927 49.5017268507663 23.179699277082108 97.4337230647323 
83.45035485191545 90.99939067574746 41.74185779403505 49.5017268507663 7.358003334319395 88.6793370487166 
80.44922111803558 90.9306025106908 47.923504793121694 49.520504262100204 19.97531830927418 98.6588315087949 
80.23409574740197 91.21425280400194 45.12213995688057 44.30430850063031 17.063887056376114 99.9787920511174 
82.86052931712152 91.0044226555643 43.90686443014905 49.49411254439504 15.742226431982912 98.10904916849597 
81.64096625678361 90.56098152479173 47.730261126631966 53.86670106740474 19.97531830927418 98.96116499116792 
80.2697052781833 90.78713991718989 42.414701885323986 47.08906414020931 20.370772244896937 97.45245330672142 
84.6333728893634 91.48934283330208 42.251817973937186 49.502117579835414 18.724282769827322 99.9787920511174 
86.32811060931594 91.0259395543127 42.251817973937186 49.473932175240265 16.560365437769978 98.10904916849597 
46.03790383268091 50.94331444023356 88.59823644410162 80.57486848988344 8.71555473853968 91.68949157849129 
82.80959223722977 84.96978092088666 42.251817973937186 49.5017268507663 11.582407522791272 97.99415195354729 
45.90160060541974 49.785055558202124 95.25777332848631 85.29829807406108 17.381658330447838 99.98462912188096 
85.29495395041249 90.99939067574746 42.251817973937186 50.13559563684625 19.905905841080383 98.1090507094273 
85.09199269265517 94.07334598807283 42.369694103900905 49.5017268507663 21.847038925265714 95.86383385770681 
85.29495395041249 91.11449704365178 44.69899123830448 49.47369860307298 14.159818225546493 98.10962172276307 
80.23409574740197 91.21405893642417 45.12213995688057 47.71258661310519 17.07254141328395 99.99199625334343 
84.83864986562872 88.25535765692571 42.251817973937186 49.47369860307298 21.61770674309409 98.17957086448152 
82.76161189989463 91.21928478381878 42.251817973937186 44.29669419425905 20.261076710541623 98.10904916849597 
46.03790383268091 50.98648165595669 92.90380911126064 87.85983296143567 19.22915039079716 91.68949157849129 
80.44922111803558 90.93131172765189 42.10918207020321 49.47404626802776 19.97531830927418 98.65971502251902 
84.6333728893634 92.51083550470729 42.251817973937186 49.502117579835414 18.724282769827322 99.84869587352277 
